%YAML:1.0
M1: !!opencv-matrix
   rows: 3
   cols: 3
   dt: d
   data: [ 1.5184178769156667e+03, 0., 6.3250261148361631e+02, 0.,
       1.5184178769156667e+03, 5.1275397404495470e+02, 0., 0., 1. ]
D1: !!opencv-matrix
   rows: 1
   cols: 12
   dt: d
   data: [ -2.2794278078815600e-01, 1.8333470772196861e-01, 0., 0., 0.,
       0., 0., 1.5761638193848862e-02, 0., 0., 0., 0. ]
M2: !!opencv-matrix
   rows: 3
   cols: 3
   dt: d
   data: [ 1.5184178769156667e+03, 0., 6.4514098504826552e+02, 0.,
       1.5184178769156667e+03, 5.1865671089186742e+02, 0., 0., 1. ]
D2: !!opencv-matrix
   rows: 1
   cols: 12
   dt: d
   data: [ -2.3106581533622697e-01, 2.0476208405216592e-01, 0., 0., 0.,
       0., 0., 6.3056708287748259e-02, 0., 0., 0., 0. ]
