%YAML:1.0
R: !!opencv-matrix
   rows: 3
   cols: 3
   dt: d
   data: [ 9.9999004698223048e-01, -3.5738981314509081e-03,
       -2.6708029920647649e-03, 3.5648552501471578e-03,
       9.9998792364294120e-01, -3.3829536391593077e-03,
       2.6828610701839632e-03, 3.3733989424932632e-03,
       9.9999071117488536e-01 ]
T: !!opencv-matrix
   rows: 3
   cols: 1
   dt: d
   data: [ 1.0297502250366922e+01, -1.5043913389958559e-02,
       1.8624170149891216e-02 ]
R1: !!opencv-matrix
   rows: 3
   cols: 3
   dt: d
   data: [ 9.9998698858160895e-01, -5.0286941238104977e-03,
       -8.5726477480110755e-04, 5.0272366994755400e-03,
       9.9998592878653036e-01, -1.6938477226636833e-03,
       8.6577055413504848e-04, 1.6895160103652268e-03,
       9.9999819798687561e-01 ]
R2: !!opencv-matrix
   rows: 3
   cols: 3
   dt: d
   data: [ 9.9999729731920062e-01, -1.4609244422055510e-03,
       1.8086055590873363e-03, 1.4578627545122460e-03,
       9.9999750417886002e-01, 1.6930068634861033e-03,
       -1.8110744002390387e-03, -1.6903655891467616e-03,
       9.9999693133213763e-01 ]
P1: !!opencv-matrix
   rows: 3
   cols: 4
   dt: d
   data: [ 1.4179803341052341e+03, 0., 6.3798537445068359e+02, 0., 0.,
       1.4179803341052341e+03, 5.1578058624267578e+02, 0., 0., 0., 1.,
       0. ]
P2: !!opencv-matrix
   rows: 3
   cols: 4
   dt: d
   data: [ 1.4179803341052341e+03, 0., 6.3798537445068359e+02,
       1.4601695145145792e+04, 0., 1.4179803341052341e+03,
       5.1578058624267578e+02, 0., 0., 0., 1., 0. ]
Q: !!opencv-matrix
   rows: 4
   cols: 4
   dt: d
   data: [ 1., 0., 0., -6.3798537445068359e+02, 0., 1., 0.,
       -5.1578058624267578e+02, 0., 0., 0., 1.4179803341052341e+03, 0.,
       0., -9.7110665577525734e-02, 0. ]
